199 660
44 187
44 189
44 17
44 108
44 163
44 120
44 92
44 45
85 141
85 100
85 196
85 163
85 116
85 120
85 92
85 174
85 185
168 64
168 32
168 36
168 116
168 169
168 31
168 12
168 174
66 78
66 7
66 8
66 96
66 169
66 113
66 149
66 31
66 12
66 175
66 54
182 195
182 103
182 4
182 45
182 174
182 113
182 149
182 67
182 107
182 18
182 87
182 175
198 133
198 68
198 197
198 175
198 51
198 67
198 107
198 147
198 171
198 18
198 87
198 97
115 15
115 90
115 130
115 69
115 6
115 147
115 171
115 112
115 166
115 10
115 157
115 51
83 55
83 74
83 70
83 42
83 177
83 112
83 166
83 145
83 95
83 10
83 157
83 69
83 162
190 91
190 39
190 37
190 132
190 80
190 145
190 95
190 142
190 98
190 148
190 126
190 69
155 118
155 79
155 160
155 188
155 25
155 142
155 98
155 165
155 183
155 148
155 126
155 6
155 48
192 81
192 193
192 62
192 122
192 11
192 165
192 183
192 181
192 184
192 38
192 134
192 6
173 127
173 60
173 52
173 131
173 143
173 181
173 184
173 176
173 29
173 38
173 134
173 42
173 128
1 121
1 19
1 30
1 185
1 54
1 176
1 29
1 161
1 13
1 150
1 151
1 42
63 77
63 75
63 3
63 97
63 162
63 161
63 13
63 73
63 109
63 150
63 151
63 177
63 108
89 47
89 16
89 48
89 128
89 108
89 73
89 109
89 34
89 139
89 177
194 92
194 12
194 108
194 34
194 139
194 132
194 163
40 87
40 157
40 163
40 9
40 46
40 132
59 126
59 134
59 116
59 9
59 46
59 80
172 151
172 139
172 169
172 56
172 153
172 80
26 46
26 153
26 113
26 149
26 56
26 188
26 169
82 88
82 58
82 67
82 107
82 186
82 188
41 106
41 76
41 147
41 171
41 186
41 88
41 25
41 113
71 65
71 179
71 112
71 166
71 156
71 58
71 25
50 144
50 138
50 145
50 95
50 156
50 58
50 122
50 149
21 14
21 170
21 142
21 98
21 24
21 106
21 122
152 180
152 111
152 165
152 183
152 24
152 106
152 11
152 67
2 105
2 43
2 181
2 184
2 129
2 76
2 11
84 117
84 178
84 176
84 29
84 129
84 76
84 131
84 107
124 164
124 110
124 161
124 13
124 167
124 65
124 131
57 101
57 72
57 73
57 109
57 167
57 65
57 45
57 143
159 92
159 12
159 187
159 47
159 179
159 7
119 87
119 157
119 187
119 141
119 179
119 103
119 52
5 126
5 134
5 141
5 64
5 144
5 103
99 151
99 139
99 64
99 78
99 144
99 141
99 4
99 19
33 46
33 153
33 78
33 195
33 138
33 64
33 4
94 88
94 58
94 195
94 133
94 138
94 64
94 68
94 30
146 106
146 76
146 133
146 15
146 14
146 78
146 68
135 65
135 179
135 15
135 55
135 14
135 78
135 197
135 75
49 144
49 138
49 55
49 91
49 170
49 195
49 197
22 14
22 170
22 91
22 118
22 195
22 90
22 3
61 180
61 111
61 118
61 81
61 133
61 90
102 105
102 43
102 81
102 127
102 180
102 133
102 130
102 16
199 117
199 178
199 127
199 121
199 111
199 15
199 130
158 164
158 110
158 121
158 77
158 111
158 15
158 74
158 189
154 101
154 72
154 77
154 47
154 105
154 55
154 74
120 105
120 55
120 70
120 17
31 43
31 91
31 70
18 43
18 91
18 39
18 100
10 7
10 117
10 118
10 39
148 103
148 4
148 117
148 118
148 37
148 196
38 68
38 197
38 178
38 81
38 37
150 90
150 130
150 178
150 81
150 79
150 32
34 74
34 70
34 164
34 127
34 79
9 39
9 37
9 164
9 127
9 160
9 36
56 79
56 160
56 110
56 121
186 193
186 62
186 110
186 121
186 8
156 60
156 52
156 101
156 77
156 193
24 19
24 30
24 101
24 77
24 62
24 96
129 75
129 3
129 72
129 47
129 62
167 16
167 72
167 47
167 7
167 60
92 187
92 45
92 143
12 141
12 7
12 60
87 64
87 174
87 185
157 78
157 103
157 52
126 195
126 175
126 54
134 133
134 4
134 19
151 15
151 51
151 97
139 55
139 68
139 30
46 91
46 69
46 162
153 118
153 197
153 75
88 81
88 6
88 48
58 127
58 90
58 3
106 121
106 42
106 128
76 77
76 130
76 16
65 47
65 177
65 108
179 189
179 17
179 74
144 100
144 196
144 132
144 163
138 32
138 36
138 70
138 17
14 8
14 96
14 80
14 116
170 45
170 174
170 39
170 100
180 175
180 51
180 188
180 169
111 69
111 6
111 37
111 196
105 42
105 177
105 25
105 113
43 132
43 80
43 79
43 32
117 188
117 25
117 122
117 149
178 122
178 11
178 160
178 36
164 131
164 143
164 11
164 67
110 185
110 54
110 193
110 8
101 97
101 162
101 131
101 107
72 48
72 128
72 62
72 96
7 147
103 147
4 171
68 171
197 112
90 104
90 112
130 20
130 166
74 140
74 166
70 35
70 145
39 137
39 145
37 114
37 95
79 53
79 95
160 142
193 142
62 98
60 98
52 165
19 165
30 104
30 183
75 104
75 20
75 183
3 20
3 140
3 181
16 140
16 35
16 181
189 35
189 137
189 184
17 137
17 114
17 176
100 114
100 53
100 176
196 53
196 29
32 29
36 161
8 161
96 13
45 109
45 13
174 93
174 73
175 136
175 73
51 23
51 109
69 109
6 191
42 191
177 93
132 93
80 123
188 123
25 136
122 136
11 125
131 125
143 191
143 23
185 123
185 23
54 125
54 28
97 28
162 104
48 104
128 184
113 20
67 20
67 140
147 140
147 35
112 35
112 137
145 137
145 114
142 114
142 53
165 53
165 86
181 86
20 27
140 27
35 27
114 27
53 27
86 27
