592 2256
397 272
397 562
397 536
397 234
397 240
397 222
272 220
272 562
272 536
272 486
272 234
272 240
272 339
220 244
220 536
220 486
220 542
220 240
220 339
220 521
244 139
244 486
244 542
244 319
244 339
244 521
244 500
139 67
139 542
139 319
139 277
139 521
139 500
139 426
67 539
67 319
67 277
67 35
67 500
67 426
67 445
539 529
539 277
539 35
539 353
539 426
539 445
539 226
529 528
529 35
529 353
529 321
529 445
529 226
529 270
528 218
528 353
528 321
528 592
528 226
528 270
528 290
218 512
218 321
218 592
218 64
218 270
218 290
218 58
512 210
512 592
512 64
512 325
512 290
512 58
512 52
210 281
210 64
210 325
210 351
210 58
210 52
210 388
281 206
281 325
281 351
281 208
281 52
281 388
281 197
206 199
206 351
206 208
206 464
206 388
206 197
206 364
199 413
199 208
199 464
199 252
199 197
199 364
199 86
413 178
413 464
413 252
413 23
413 364
413 86
413 371
178 2
178 252
178 23
178 253
178 86
178 371
178 329
2 242
2 23
2 253
2 590
2 371
2 329
2 338
2 556
242 509
242 253
242 590
242 223
242 329
242 338
242 229
509 430
509 590
509 223
509 358
509 338
509 229
509 72
430 24
430 223
430 358
430 398
430 229
430 72
430 392
430 81
24 21
24 358
24 398
24 51
24 72
24 392
24 236
21 188
21 398
21 51
21 362
21 392
21 236
21 419
188 294
188 51
188 362
188 365
188 236
188 419
188 104
294 326
294 362
294 365
294 327
294 419
294 104
294 45
326 567
326 365
326 327
326 382
326 104
326 45
326 166
567 418
567 327
567 382
567 106
567 45
567 166
567 554
418 393
418 382
418 106
418 14
418 166
418 554
418 396
393 5
393 106
393 14
393 205
393 554
393 396
393 50
5 132
5 14
5 205
5 79
5 396
5 50
5 520
132 225
132 205
132 79
132 303
132 50
132 520
132 49
225 133
225 79
225 303
225 6
225 520
225 49
225 482
133 83
133 303
133 6
133 468
133 49
133 482
133 322
83 209
83 6
83 468
83 525
83 482
83 322
83 189
209 440
209 468
209 525
209 38
209 322
209 189
209 56
440 36
440 525
440 38
440 489
440 189
440 56
440 406
36 38
36 489
36 56
36 406
562 536
562 575
562 561
562 234
562 222
562 82
536 486
536 575
536 561
536 87
486 542
486 561
486 87
486 408
542 319
542 87
542 408
542 102
319 277
319 408
319 102
319 155
277 35
277 102
277 155
277 379
35 353
35 155
35 379
35 493
353 321
353 379
353 493
353 348
321 592
321 493
321 348
321 147
592 64
592 348
592 147
592 501
64 325
64 147
64 501
64 488
325 351
325 501
325 488
325 515
351 208
351 488
351 515
351 549
208 464
208 515
208 549
208 484
464 252
464 549
464 484
464 292
252 23
252 484
252 292
252 345
23 253
23 292
23 345
23 68
253 590
253 345
253 68
253 586
253 329
253 556
253 111
590 223
590 68
590 586
590 535
223 358
223 586
223 535
223 153
358 398
358 535
358 153
358 540
358 72
358 81
358 299
398 51
398 153
398 540
398 363
51 362
51 540
51 363
51 384
362 365
362 363
362 384
362 359
365 327
365 384
365 359
365 136
327 382
327 359
327 136
327 207
382 106
382 136
382 207
382 485
106 14
106 207
106 485
106 475
14 205
14 485
14 475
14 573
205 79
205 475
205 573
205 121
79 303
79 573
79 121
79 491
303 6
303 121
303 491
303 130
6 468
6 491
6 130
6 340
468 525
468 130
468 340
468 311
525 38
525 340
525 311
525 164
38 489
38 311
38 164
38 579
489 164
489 579
575 561
575 131
575 415
575 222
575 82
575 200
561 87
561 131
561 415
561 473
87 408
87 415
87 473
87 441
408 102
408 473
408 441
408 75
102 155
102 441
102 75
102 137
155 379
155 75
155 137
155 266
379 493
379 137
379 266
379 591
493 348
493 266
493 591
493 249
348 147
348 591
348 249
348 469
147 501
147 249
147 469
147 427
501 488
501 469
501 427
501 273
488 515
488 427
488 273
488 157
515 549
515 273
515 157
515 46
549 484
549 157
549 46
549 295
484 292
484 46
484 295
484 120
292 345
292 295
292 120
292 546
345 68
345 120
345 546
345 150
68 586
68 546
68 150
68 522
68 556
68 111
68 352
586 535
586 150
586 522
586 255
535 153
535 522
535 255
535 262
153 540
153 255
153 262
153 19
153 81
153 299
153 410
540 363
540 262
540 19
540 103
363 384
363 19
363 103
363 463
384 359
384 103
384 463
384 278
359 136
359 463
359 278
359 34
136 207
136 278
136 34
136 146
207 485
207 34
207 146
207 580
485 475
485 146
485 580
485 247
475 573
475 580
475 247
475 108
573 121
573 247
573 108
573 479
121 491
121 108
121 479
121 101
491 130
491 479
491 101
491 570
130 340
130 101
130 570
130 378
340 311
340 570
340 378
340 461
311 164
311 378
311 461
311 552
164 579
164 461
164 552
164 544
579 552
579 544
131 415
131 48
131 422
131 82
131 200
131 211
415 473
415 48
415 422
415 57
473 441
473 422
473 57
473 134
441 75
441 57
441 134
441 92
75 137
75 134
75 92
75 148
137 266
137 92
137 148
137 443
266 591
266 148
266 443
266 551
591 249
591 443
591 551
591 118
249 469
249 551
249 118
249 283
469 427
469 118
469 283
469 77
427 273
427 283
427 77
427 170
273 157
273 77
273 170
273 109
157 46
157 170
157 109
157 498
46 295
46 109
46 498
46 372
295 120
295 498
295 372
295 4
120 546
120 372
120 4
120 411
546 150
546 4
546 411
546 27
150 522
150 411
150 27
150 13
150 111
150 352
150 129
522 255
522 27
522 13
522 462
255 262
255 13
255 462
255 54
262 19
262 462
262 54
262 99
262 299
262 410
262 184
19 103
19 54
19 99
19 7
103 463
103 99
103 7
103 94
463 278
463 7
463 94
463 33
278 34
278 94
278 33
278 432
34 146
34 33
34 432
34 337
146 580
146 432
146 337
146 233
580 247
580 337
580 233
580 263
247 108
247 233
247 263
247 390
108 479
108 263
108 390
108 95
479 101
479 390
479 95
479 204
101 570
101 95
101 204
101 442
570 378
570 204
570 442
570 316
378 461
378 442
378 316
378 116
461 552
461 316
461 116
461 457
552 544
552 116
552 457
552 323
544 457
544 323
48 422
48 200
48 211
422 57
57 134
134 92
92 148
148 443
443 551
551 118
118 283
283 77
77 170
170 109
109 498
498 372
372 4
4 411
411 27
27 13
27 352
27 129
13 462
462 54
54 99
54 410
54 184
99 7
7 94
94 33
33 432
432 337
337 233
233 263
263 390
390 95
95 204
204 442
442 316
316 116
116 457
457 323
234 240
234 547
234 456
234 222
234 307
240 339
240 547
240 456
240 414
339 521
339 456
339 414
339 400
521 500
521 414
521 400
521 555
500 426
500 400
500 555
500 40
426 445
426 555
426 40
426 219
445 226
445 40
445 219
445 548
226 270
226 219
226 548
226 287
270 290
270 548
270 287
270 507
290 58
290 287
290 507
290 533
58 52
58 507
58 533
58 202
52 388
52 533
52 202
52 314
388 197
388 202
388 314
388 519
197 364
197 314
197 519
197 25
364 86
364 519
364 25
364 275
86 371
86 25
86 275
86 458
371 329
371 275
371 458
371 571
329 338
329 458
329 571
329 274
329 556
329 582
338 229
338 571
338 274
338 518
229 72
229 274
229 518
229 279
72 392
72 518
72 279
72 62
72 81
72 119
392 236
392 279
392 62
392 98
236 419
236 62
236 98
236 267
419 104
419 98
419 267
419 296
104 45
104 267
104 296
104 330
45 166
45 296
45 330
45 215
166 554
166 330
166 215
166 355
554 396
554 215
554 355
554 391
396 50
396 355
396 391
396 332
50 520
50 391
50 332
50 421
520 49
520 332
520 421
520 543
49 482
49 421
49 543
49 198
482 322
482 543
482 198
482 574
322 189
322 198
322 574
322 243
189 56
189 574
189 243
189 434
56 406
56 243
56 434
56 177
406 434
406 177
547 456
547 222
547 307
547 12
547 300
547 386
456 414
456 12
456 300
456 217
414 400
414 300
414 217
414 429
400 555
400 217
400 429
400 141
555 40
555 429
555 141
555 438
40 219
40 141
40 438
40 584
219 548
219 438
219 584
219 416
548 287
548 584
548 416
548 161
287 507
287 416
287 161
287 545
507 533
507 161
507 545
507 191
533 202
533 545
533 191
533 187
202 314
202 191
202 187
202 182
314 519
314 187
314 182
314 154
519 25
519 182
519 154
519 368
25 275
25 154
25 368
25 585
275 458
275 368
275 585
275 480
458 571
458 585
458 480
458 185
571 274
571 556
571 582
571 480
571 185
571 248
571 433
274 518
274 185
274 248
274 128
518 279
518 248
518 128
518 11
279 62
279 81
279 119
279 128
279 11
279 60
279 298
62 98
62 11
62 60
62 436
98 267
98 60
98 436
98 437
267 296
267 436
267 437
267 8
296 330
296 437
296 8
296 257
330 215
330 8
330 257
330 558
215 355
215 257
215 558
215 336
355 391
355 558
355 336
355 541
391 332
391 336
391 541
391 261
332 421
332 541
332 261
332 455
421 543
421 261
421 455
421 181
543 198
543 455
543 181
543 100
198 574
198 181
198 100
198 534
574 243
574 100
574 534
574 1
243 434
243 534
243 1
243 69
434 177
434 1
434 69
434 76
177 69
177 76
222 82
222 307
222 460
82 200
82 307
82 460
82 168
200 211
200 460
200 168
200 478
211 168
211 478
556 111
556 582
556 232
111 352
111 582
111 232
111 524
352 129
352 232
352 524
352 530
129 524
129 530
81 299
81 119
81 569
299 410
299 119
299 569
299 235
410 184
410 569
410 235
410 471
184 235
184 471
307 460
307 12
307 386
307 407
460 168
460 386
460 407
460 138
168 478
168 407
168 138
168 587
478 138
478 587
582 232
582 185
582 433
582 516
232 524
232 433
232 516
232 331
524 530
524 516
524 331
524 145
530 331
530 145
119 569
119 11
119 298
119 377
569 235
569 298
569 377
569 107
235 471
235 377
235 107
235 124
471 107
471 124
12 300
12 386
12 245
300 217
300 386
300 245
300 115
217 429
217 245
217 115
217 169
429 141
429 115
429 169
429 503
141 438
141 169
141 503
141 572
438 584
438 503
438 572
438 15
584 416
584 572
584 15
584 405
416 161
416 15
416 405
416 28
161 545
161 405
161 28
161 370
545 191
545 28
545 370
545 559
191 187
191 370
191 559
191 213
187 182
187 559
187 213
187 250
182 154
182 213
182 250
182 151
154 368
154 250
154 151
154 496
368 585
368 151
368 496
368 403
585 480
585 496
585 403
585 347
480 185
480 403
480 347
480 433
185 248
185 347
185 433
185 47
185 174
185 195
185 470
248 128
248 433
248 47
248 282
248 174
248 195
248 504
128 11
128 47
128 282
128 298
128 195
128 504
128 583
11 60
11 282
11 298
11 117
11 504
11 583
11 241
60 436
60 298
60 117
60 127
436 437
436 117
436 127
436 380
437 8
437 127
437 380
437 291
8 257
8 380
8 291
8 563
257 558
257 291
257 563
257 560
558 336
558 563
558 560
558 201
336 541
336 560
336 201
336 212
541 261
541 201
541 212
541 568
261 455
261 212
261 568
261 532
455 181
455 568
455 532
455 424
181 100
181 532
181 424
181 203
100 534
100 424
100 203
100 193
534 1
534 203
534 193
534 505
1 69
1 193
1 505
1 483
69 76
69 505
69 483
69 280
76 483
76 280
386 245
386 407
386 389
245 115
245 407
245 389
245 566
115 169
115 389
115 566
115 454
169 503
169 566
169 454
169 276
503 572
503 454
503 276
503 246
572 15
572 276
572 246
572 190
15 405
15 246
15 190
15 269
405 28
405 190
405 269
405 110
28 370
28 269
28 110
28 349
370 559
370 110
370 349
370 113
559 213
559 349
559 113
559 65
213 250
213 113
213 65
213 123
250 151
250 65
250 123
250 395
151 496
151 123
151 395
151 361
496 403
496 395
496 361
496 42
403 347
403 361
403 42
403 350
347 433
347 42
347 350
347 516
433 47
433 350
433 516
433 309
433 174
433 470
433 142
47 282
47 516
47 309
47 96
282 298
282 309
282 96
282 377
298 117
298 96
298 377
298 152
298 583
298 241
298 439
117 127
117 377
117 152
117 286
127 380
127 152
127 286
127 112
380 291
380 286
380 112
380 258
291 563
291 112
291 258
291 17
563 560
563 258
563 17
563 196
560 201
560 17
560 196
560 171
201 212
201 196
201 171
201 268
212 568
212 171
212 268
212 224
568 532
568 268
568 224
568 173
532 424
532 224
532 173
532 492
424 203
424 173
424 492
424 301
203 193
203 492
203 301
203 366
193 505
193 301
193 366
193 97
505 483
505 366
505 97
505 306
483 280
483 97
483 306
483 32
280 306
280 32
407 389
407 138
407 315
389 566
389 138
389 315
389 135
566 454
566 315
566 135
566 10
454 276
454 135
454 10
454 20
276 246
276 10
276 20
276 578
246 190
246 20
246 578
246 428
190 269
190 578
190 428
190 88
269 110
269 428
269 88
269 228
110 349
110 88
110 228
110 564
349 113
349 228
349 564
349 449
113 65
113 564
113 449
113 3
65 123
65 449
65 3
65 510
123 395
123 3
123 510
123 231
395 361
395 510
395 231
395 122
361 42
361 231
361 122
361 526
42 350
42 122
42 526
42 465
350 516
350 526
350 465
350 331
516 309
516 465
516 331
516 302
516 470
516 142
516 531
309 96
309 331
309 302
309 176
96 377
96 302
96 176
96 107
377 152
377 176
377 107
377 259
377 241
377 439
377 70
152 286
152 107
152 259
152 144
286 112
286 259
286 144
286 344
112 258
112 144
112 344
112 356
258 17
258 344
258 356
258 26
17 196
17 356
17 26
17 523
196 171
196 26
196 523
196 514
171 268
171 523
171 514
171 251
268 224
268 514
268 251
268 474
224 173
224 251
224 474
224 156
173 492
173 474
173 156
173 61
492 301
492 156
492 61
492 467
301 366
301 61
301 467
301 431
366 97
366 467
366 431
366 423
97 306
97 431
97 423
97 499
306 32
306 423
306 499
306 487
32 499
32 487
138 315
138 587
138 238
315 135
315 587
315 238
315 55
135 10
135 238
135 55
135 165
10 20
10 55
10 165
10 476
20 578
20 165
20 476
20 31
578 428
578 476
578 31
578 140
428 88
428 31
428 140
428 114
88 228
88 140
88 114
88 446
228 564
228 114
228 446
228 160
564 449
564 446
564 160
564 90
449 3
449 160
449 90
449 537
3 510
3 90
3 537
3 577
510 231
510 537
510 577
510 447
231 122
231 577
231 447
231 284
122 526
122 447
122 284
122 495
526 465
526 284
526 495
526 149
465 331
465 495
465 149
465 145
331 302
331 149
331 145
331 374
331 142
331 531
331 265
302 176
302 145
302 374
302 186
176 107
176 374
176 186
176 124
107 259
107 186
107 124
107 452
107 439
107 70
107 497
259 144
259 124
259 452
259 43
144 344
144 452
144 43
144 85
344 356
344 43
344 85
344 557
356 26
356 85
356 557
356 163
26 523
26 557
26 163
26 18
523 514
523 163
523 18
523 53
514 251
514 18
514 53
514 214
251 474
251 53
251 214
251 346
474 156
474 214
474 346
474 305
156 61
156 346
156 305
156 357
61 467
61 305
61 357
61 589
467 431
467 357
467 589
467 369
431 423
431 589
431 369
431 44
423 499
423 369
423 44
423 180
499 487
499 44
499 180
499 404
487 180
487 404
587 238
238 55
55 165
165 476
476 31
31 140
140 114
114 446
446 160
160 90
90 537
537 577
577 447
447 284
284 495
495 149
149 145
145 374
145 531
145 265
374 186
186 124
124 452
124 70
124 497
452 43
43 85
85 557
557 163
163 18
18 53
53 214
214 346
346 305
305 357
357 589
589 369
369 44
44 180
180 404
174 195
174 470
174 285
174 435
174 29
195 504
195 285
195 435
195 383
504 583
504 435
504 383
504 237
583 241
583 383
583 237
583 179
470 142
470 285
470 29
470 334
142 531
142 29
142 334
142 402
531 265
531 334
531 402
531 304
265 402
265 304
241 439
241 237
241 179
241 73
439 70
439 179
439 73
439 271
70 497
70 73
70 271
70 451
497 271
497 451
285 435
285 29
285 183
285 394
285 367
435 383
435 183
435 394
435 74
383 237
383 394
383 74
383 289
237 179
237 74
237 289
237 481
29 334
29 183
29 367
29 16
334 402
334 367
334 16
334 450
402 304
402 16
402 450
402 162
304 450
304 162
179 73
179 289
179 481
179 409
73 271
73 481
73 409
73 172
271 451
271 409
271 172
271 293
451 172
451 293
183 394
183 367
183 221
183 264
183 254
183 125
394 74
394 367
394 221
394 527
394 264
394 254
394 216
74 289
74 221
74 527
74 481
74 254
74 216
74 78
289 527
289 481
289 216
289 78
289 93
367 221
367 16
367 312
367 264
367 125
367 308
221 527
221 16
221 312
221 239
527 481
527 312
527 239
527 409
481 239
481 409
481 78
481 93
481 66
16 312
16 450
16 328
16 125
16 308
16 9
312 239
312 450
312 328
312 310
239 409
239 328
239 310
239 172
409 310
409 172
409 93
409 66
409 553
450 328
450 162
450 576
450 308
450 9
450 63
328 310
328 162
328 576
328 502
310 172
310 576
310 502
310 293
172 502
172 293
172 66
172 553
172 453
162 576
162 9
162 63
576 502
502 293
293 553
293 453
264 254
264 125
264 126
264 143
264 175
254 216
254 126
254 143
254 30
216 78
216 143
216 30
216 375
78 93
78 30
78 375
78 260
125 308
125 126
125 175
125 588
308 9
308 175
308 588
308 417
9 63
9 588
9 417
9 194
63 417
63 194
93 66
93 375
93 260
93 22
66 553
66 260
66 22
66 158
553 453
553 22
553 158
553 387
453 158
453 387
126 143
126 175
126 490
126 297
126 444
143 30
143 490
143 297
143 459
30 375
30 297
30 459
30 89
375 260
375 459
375 89
375 513
175 588
175 490
175 444
175 333
588 417
588 444
588 333
588 167
417 194
417 333
417 167
417 401
194 167
194 401
260 22
260 89
260 513
260 399
22 158
22 513
22 399
22 517
158 387
158 399
158 517
158 508
387 517
387 508
490 297
490 444
490 37
490 227
490 360
490 373
297 459
297 444
297 37
297 472
297 227
297 360
297 494
459 89
459 37
459 472
459 513
459 360
459 494
459 317
89 472
89 513
89 494
89 317
89 466
444 37
444 333
444 192
444 227
444 373
444 550
37 472
37 333
37 192
37 343
472 513
472 192
472 343
472 399
513 343
513 399
513 317
513 466
513 320
333 192
333 167
333 448
333 373
333 550
333 477
192 343
192 167
192 448
192 376
343 399
343 448
343 376
343 517
399 376
399 517
399 466
399 320
399 538
167 448
167 401
167 506
167 550
167 477
167 313
448 376
448 401
448 506
448 581
376 517
376 506
376 581
376 508
517 581
517 508
517 320
517 538
517 354
401 506
401 477
401 313
506 581
581 508
508 538
508 354
227 360
227 373
227 41
227 335
227 511
360 494
360 41
360 335
360 565
494 317
494 335
494 565
494 91
317 466
317 565
317 91
317 324
373 550
373 41
373 511
373 39
550 477
550 511
550 39
550 230
477 313
477 39
477 230
477 342
313 230
313 342
466 320
466 91
466 324
466 288
320 538
320 324
320 288
320 381
538 354
538 288
538 381
538 420
354 381
354 420
41 335
41 511
41 385
41 71
41 59
335 565
335 385
335 71
335 84
565 91
565 71
565 84
565 318
91 324
91 84
91 318
91 425
511 39
511 385
511 59
511 105
39 230
39 59
39 105
39 341
230 342
230 105
230 341
230 256
342 341
342 256
324 288
324 318
324 425
324 412
288 381
288 425
288 412
288 159
381 420
381 412
381 159
381 80
420 159
420 80
385 71
385 59
71 84
84 318
318 425
59 105
425 412
105 341
412 159
341 256
159 80
