655 2841
123 318
123 451
123 236
123 561
12 440
12 451
12 621
12 532
438 523
438 451
438 61
438 475
42 444
42 585
42 530
142 585
142 620
142 251
450 620
450 451
450 236
450 621
450 61
450 194
437 240
437 5
437 275
437 592
437 281
437 304
527 111
527 5
527 275
527 532
527 251
527 416
494 174
494 5
494 592
494 475
494 194
494 318
410 619
410 5
410 281
410 530
410 304
410 440
145 538
145 452
145 277
145 606
145 532
145 251
145 523
132 452
132 5
132 275
132 475
132 194
132 444
373 277
373 5
373 58
373 592
373 530
373 304
373 585
543 606
543 5
543 281
543 620
524 544
524 294
524 451
48 290
48 294
48 240
573 294
573 5
573 275
573 592
573 281
573 416
573 318
573 440
573 620
573 451
573 240
573 111
573 561
532 523
532 444
532 585
532 174
532 561
475 111
475 619
530 174
530 538
251 619
251 538
251 452
194 452
194 277
304 174
304 606
416 523
416 174
416 277
416 544
620 111
620 174
620 452
620 606
620 544
451 173
451 561
111 294
174 290
619 561
277 544
277 290
606 294
544 294
290 24
290 443
290 31
294 169
294 443
294 295
5 638
5 443
5 493
5 602
5 561
139 164
139 617
139 307
191 617
191 54
191 400
58 54
58 443
58 31
58 295
58 493
58 384
392 118
392 307
392 511
392 605
392 119
392 15
504 66
504 307
504 511
504 380
562 448
562 307
562 605
562 19
90 360
90 307
90 119
90 421
117 603
117 453
117 173
117 602
117 400
117 380
117 312
371 453
371 307
371 511
371 384
371 19
371 2
106 173
106 307
106 605
106 15
106 421
106 96
278 602
278 307
278 119
278 400
278 380
278 604
161 561
161 608
161 384
161 19
161 24
153 230
153 608
153 15
153 421
153 169
323 608
323 307
323 511
323 605
323 119
323 638
400 164
384 617
15 312
15 2
15 96
15 638
15 164
15 617
15 54
15 307
380 604
380 24
380 169
380 443
380 307
19 54
19 118
421 443
421 66
312 118
312 66
312 448
2 448
2 360
96 443
96 603
604 443
604 360
604 453
54 608
54 443
54 448
54 603
54 453
443 230
443 307
360 561
360 230
360 307
603 608
453 608
173 495
561 248
230 18
608 307
307 414
307 542
236 249
236 34
236 542
236 18
236 292
621 650
621 29
621 47
621 584
621 489
621 337
621 7
621 349
621 502
621 391
621 136
621 630
621 351
621 419
621 576
621 447
621 563
621 429
621 566
621 531
621 348
621 518
621 393
621 45
621 627
621 100
621 44
621 255
621 379
621 359
621 65
621 471
621 116
621 456
621 377
621 288
61 226
61 75
61 159
61 460
61 393
61 45
61 627
61 426
61 162
469 18
469 466
469 179
469 564
469 87
57 89
57 70
57 329
57 87
607 557
607 156
607 101
607 86
607 442
607 245
607 84
607 249
607 499
607 355
607 598
607 466
607 79
607 89
607 556
607 296
607 87
16 557
16 156
16 101
16 86
16 442
16 245
16 326
16 34
16 499
16 355
16 598
16 466
16 93
16 89
16 459
16 337
16 292
80 557
80 156
80 101
80 86
80 442
80 245
80 414
80 542
80 499
80 355
80 598
80 466
80 353
80 89
80 584
80 511
80 288
8 246
8 547
8 248
8 495
8 489
8 605
8 162
650 363
650 367
650 88
650 411
650 271
650 560
650 134
650 193
650 182
650 385
650 564
650 329
650 296
650 71
650 104
650 74
650 141
650 160
650 420
650 195
650 643
650 217
650 291
650 25
650 41
650 526
650 572
650 633
650 214
650 459
650 337
650 179
29 366
29 141
29 160
29 420
29 332
29 584
29 511
29 70
47 495
47 548
47 489
47 605
47 556
31 186
31 593
295 208
295 535
295 571
295 483
295 246
295 634
295 449
295 507
295 548
295 513
295 186
295 485
493 208
493 535
493 571
493 340
493 547
493 634
493 449
493 507
493 548
493 635
493 186
493 500
267 208
267 535
267 571
267 522
267 248
267 634
267 449
267 507
267 548
267 496
267 186
267 636
267 533
267 497
525 246
525 547
525 248
525 495
525 536
525 81
525 331
525 187
525 121
525 589
525 497
94 231
94 583
94 192
94 521
94 43
94 67
94 134
94 586
94 520
94 272
94 472
94 497
357 28
357 390
357 222
357 287
357 119
357 555
357 593
550 495
550 586
550 187
550 238
550 184
550 485
510 520
510 109
510 594
510 500
363 609
363 68
363 317
363 233
363 596
363 512
363 258
363 483
363 246
363 586
363 520
363 536
363 119
363 555
363 636
367 609
367 68
367 317
367 233
367 596
367 512
367 258
367 340
367 547
367 586
367 520
367 81
367 238
367 184
367 121
88 609
88 68
88 317
88 233
88 596
88 512
88 258
88 522
88 248
88 586
88 520
88 331
88 109
88 594
88 272
275 300
275 273
275 497
275 645
275 249
275 34
275 542
275 18
275 63
592 190
592 235
592 209
592 505
592 637
592 473
592 6
592 655
592 354
592 601
592 540
592 129
592 632
592 351
592 506
592 369
592 189
281 601
281 540
281 129
281 322
281 492
281 269
281 303
122 645
122 18
122 506
122 35
122 140
122 346
122 74
122 33
126 369
126 537
126 140
126 10
126 449
126 33
204 481
204 207
204 342
204 27
204 17
204 545
204 533
204 300
204 84
204 249
204 506
204 369
204 130
204 140
204 71
204 507
204 33
430 481
430 207
430 342
430 27
430 17
430 545
430 589
430 273
430 326
430 34
430 506
430 369
430 356
430 560
430 63
651 481
651 207
651 342
651 27
651 17
651 545
651 472
651 497
651 414
651 542
651 506
651 369
651 411
651 231
651 189
459 586
459 476
459 467
459 40
459 386
459 554
459 309
459 38
459 239
459 92
459 157
459 409
459 183
459 406
459 32
459 271
459 583
459 303
584 586
584 476
584 467
584 40
584 386
584 554
584 309
584 38
584 239
584 92
584 157
584 409
584 183
584 406
584 32
584 356
584 560
584 35
489 586
489 476
489 467
489 40
489 386
489 554
489 309
489 38
489 239
489 92
489 157
489 409
489 183
489 406
489 32
489 411
489 231
489 537
337 586
337 476
337 467
337 40
337 386
337 554
337 309
337 38
337 239
337 92
337 157
337 409
337 183
337 406
337 32
337 271
337 583
337 130
511 586
511 476
511 467
511 40
511 386
511 554
511 309
511 38
511 239
511 92
511 157
511 409
511 183
511 406
511 32
511 509
605 586
605 476
605 467
605 40
605 386
605 554
605 309
605 38
605 239
605 92
605 157
605 409
605 183
605 406
605 32
119 455
119 163
119 478
119 626
119 171
119 274
119 479
119 412
119 112
119 23
119 491
119 83
119 614
119 454
119 506
119 103
238 455
238 163
238 478
238 626
238 171
238 274
238 479
238 412
238 112
238 23
238 491
238 83
238 614
238 454
238 506
238 645
238 624
238 268
238 203
109 455
109 163
109 478
109 626
109 171
109 274
109 479
109 412
109 112
109 23
109 491
109 83
109 614
109 454
109 506
109 370
109 645
109 322
109 32
109 203
555 455
555 163
555 478
555 626
555 171
555 274
555 479
555 412
555 112
555 23
555 491
555 83
555 614
555 454
555 506
555 558
555 645
555 492
555 378
555 203
184 455
184 163
184 478
184 626
184 171
184 274
184 479
184 412
184 112
184 23
184 491
184 83
184 614
184 454
184 506
184 192
184 241
184 509
594 455
594 163
594 478
594 626
594 171
594 274
594 479
594 412
594 112
594 491
594 83
594 614
594 454
594 506
594 36
594 7
594 183
356 520
356 418
356 4
356 78
356 653
356 404
356 383
356 254
356 227
356 361
356 11
356 30
356 103
356 387
356 378
356 432
356 349
411 520
411 418
411 4
411 78
411 653
411 404
411 383
411 254
411 227
411 361
411 11
411 30
411 103
411 387
411 378
411 192
411 241
411 83
271 520
271 418
271 4
271 78
271 653
271 404
271 383
271 254
271 227
271 361
271 11
271 30
271 103
271 387
271 378
271 36
271 7
271 370
560 520
560 418
560 4
560 78
560 653
560 404
560 383
560 254
560 227
560 361
560 11
560 30
560 103
560 387
560 378
560 432
560 349
560 558
231 520
231 418
231 4
231 78
231 653
231 404
231 383
231 254
231 227
231 361
231 11
231 30
231 103
231 387
231 378
231 502
231 528
231 324
583 520
583 418
583 4
583 78
583 653
583 404
583 383
583 254
583 227
583 361
583 11
583 30
583 103
583 387
583 378
583 252
583 609
583 85
192 644
192 219
192 434
192 99
192 381
192 477
192 488
192 446
192 439
192 334
192 292
192 370
192 50
192 344
192 369
192 431
192 28
192 170
36 644
36 219
36 434
36 99
36 381
36 477
36 488
36 446
36 439
36 334
36 292
36 370
36 50
36 344
36 369
36 390
36 324
432 644
432 219
432 434
432 99
432 381
432 477
432 488
432 446
432 439
432 334
432 292
432 370
432 50
432 344
432 369
432 222
432 85
241 644
241 219
241 434
241 99
241 381
241 477
241 488
241 446
241 439
241 334
241 292
241 370
241 50
241 344
241 369
241 521
241 170
7 644
7 219
7 434
7 99
7 381
7 477
7 488
7 446
7 439
7 334
7 292
7 370
7 50
7 344
7 369
7 502
7 528
7 166
349 644
349 219
349 434
349 99
349 381
349 477
349 488
349 446
349 439
349 334
349 292
349 370
349 50
349 344
349 369
349 252
349 609
349 427
502 457
502 225
502 413
502 368
502 315
502 313
502 343
502 575
502 178
502 465
502 288
502 558
502 205
502 203
502 431
502 28
502 212
252 581
252 180
252 154
252 176
252 196
252 534
252 270
252 402
252 333
252 102
252 162
252 324
252 458
252 82
252 43
252 166
431 618
431 435
431 399
431 358
431 613
431 595
431 423
431 218
431 131
431 264
431 179
431 85
431 197
431 306
431 67
431 427
528 457
528 225
528 413
528 368
528 315
528 313
528 343
528 575
528 178
528 465
528 288
528 558
528 205
528 203
528 345
528 212
609 581
609 180
609 154
609 176
609 196
609 534
609 270
609 402
609 333
609 102
609 162
609 324
609 458
609 82
28 618
28 435
28 399
28 358
28 613
28 595
28 423
28 218
28 131
28 264
28 179
28 85
28 197
28 306
28 390
28 341
28 481
28 159
390 483
390 222
390 115
390 226
390 391
222 340
222 521
222 52
222 75
222 136
521 522
521 588
43 226
43 84
43 514
67 75
67 326
67 49
345 159
345 414
345 588
286 193
286 285
286 140
286 391
286 514
53 182
53 242
53 346
53 136
53 49
297 385
297 87
297 10
297 233
297 596
297 97
210 564
210 285
210 140
210 198
210 97
210 259
148 329
148 242
148 346
148 97
148 185
208 296
208 87
208 10
208 535
208 622
208 168
208 21
535 285
535 449
535 571
535 622
535 68
535 60
571 242
571 449
571 114
571 168
571 68
571 243
114 87
114 449
114 158
114 317
114 233
114 198
114 512
114 259
114 185
114 21
114 631
158 140
158 507
158 46
158 317
158 233
158 198
158 512
158 259
158 185
158 60
158 347
46 346
46 507
46 330
46 317
46 233
46 198
46 512
46 259
46 185
46 243
46 406
330 10
330 507
330 481
330 631
622 71
622 449
622 226
622 347
168 104
168 449
168 75
168 406
68 74
68 449
68 387
317 449
317 141
317 433
317 445
317 614
233 507
233 160
233 195
233 461
233 433
233 382
233 50
62 141
62 33
62 387
62 205
403 160
403 33
403 614
403 458
198 33
198 420
198 433
198 50
198 197
596 420
596 461
596 214
596 382
596 387
596 614
596 50
596 205
596 221
512 195
512 433
512 445
512 387
512 614
512 50
512 458
512 464
258 461
258 433
258 445
258 387
258 614
258 50
258 197
258 95
341 221
115 464
52 95
226 442
226 639
226 235
75 245
75 470
75 209
159 260
159 190
159 505
391 82
136 306
630 190
630 565
630 151
630 508
516 235
516 389
516 559
516 82
648 209
648 314
648 336
648 306
397 505
397 565
397 151
397 508
428 637
428 389
428 559
428 557
428 200
428 206
125 473
125 314
125 336
125 398
125 206
125 625
98 207
98 565
98 17
98 206
98 84
207 342
207 389
207 17
207 181
207 569
207 326
342 27
342 314
342 17
342 181
342 407
342 414
27 364
27 151
27 545
27 569
27 407
27 249
364 591
364 559
364 545
364 335
364 557
364 398
364 328
364 625
364 84
364 326
364 34
591 181
591 336
591 545
591 335
591 557
591 398
591 328
591 625
591 84
591 414
591 542
181 6
181 17
181 335
181 557
181 398
181 328
181 625
181 84
181 249
181 18
569 655
569 17
569 639
569 34
407 354
407 17
407 470
407 542
335 17
335 601
335 190
335 18
557 545
557 540
557 632
557 546
557 351
156 601
156 305
156 269
101 540
101 305
101 460
398 305
398 129
398 351
398 506
200 129
200 546
200 269
200 369
328 632
328 460
328 634
86 546
86 351
86 269
86 460
86 506
86 193
442 260
442 351
442 269
442 460
442 369
442 182
245 639
245 351
245 269
245 460
245 634
245 385
260 470
260 193
639 182
470 385
637 246
637 547
637 248
637 495
637 536
637 81
637 331
637 187
473 498
473 455
473 644
565 366
565 287
565 623
389 495
389 187
389 455
314 644
151 483
151 246
151 374
151 536
151 310
151 455
151 644
559 340
559 547
559 280
559 81
559 310
559 455
559 644
336 522
336 248
336 308
336 331
336 310
336 455
336 644
6 536
6 81
6 331
6 187
6 215
6 188
6 234
6 64
655 498
655 476
655 418
655 457
655 581
655 618
354 77
17 187
17 476
17 64
545 418
601 374
601 536
601 321
601 476
601 418
601 215
540 280
540 81
540 321
540 476
540 418
540 188
305 308
305 331
305 321
305 476
305 418
305 234
129 536
129 81
129 331
129 187
129 215
129 188
129 234
129 64
632 553
632 163
632 219
546 623
546 77
546 541
483 187
483 64
483 163
340 219
522 374
522 536
522 22
522 215
522 244
522 163
522 219
246 280
246 81
246 135
246 188
246 244
246 163
246 219
547 308
547 331
547 59
547 234
547 244
547 163
547 219
248 374
248 646
495 280
495 615
134 308
134 299
366 215
366 188
366 64
366 256
366 107
366 484
366 600
287 553
287 467
287 4
287 225
287 180
287 435
586 327
520 64
520 467
520 600
374 4
280 22
280 215
280 127
280 467
280 4
280 256
308 135
308 188
308 127
308 467
308 4
308 107
536 59
536 234
536 127
536 467
536 4
536 484
81 215
81 188
81 234
81 64
81 256
81 107
81 484
81 600
331 144
331 478
331 434
187 541
187 327
187 462
498 64
498 600
498 478
623 434
77 22
77 215
77 338
77 256
77 582
77 478
77 434
321 135
321 188
321 628
321 107
321 582
321 478
321 434
310 59
310 234
310 282
310 484
310 582
310 478
310 434
476 22
476 424
418 135
418 279
455 59
455 597
644 256
644 107
644 484
644 600
644 436
644 302
644 69
644 640
457 144
457 40
457 78
457 413
457 154
457 399
457 419
581 56
581 576
618 600
618 40
618 640
618 447
646 78
646 419
615 338
615 256
615 211
615 40
615 78
615 436
615 576
299 628
299 107
299 211
299 40
299 78
299 302
299 447
22 282
22 484
22 211
22 40
22 78
22 69
135 256
135 107
135 484
135 600
135 436
135 302
135 69
135 640
59 276
59 626
59 99
215 462
215 56
215 652
188 600
188 640
188 626
234 99
64 338
64 256
64 110
64 436
64 213
64 626
64 99
553 628
553 107
553 105
553 302
553 213
553 626
553 99
541 282
541 484
541 325
541 69
541 213
541 626
541 99
327 338
327 578
127 628
127 441
244 282
244 649
467 436
467 302
467 69
467 640
467 152
467 39
467 146
467 529
4 276
4 386
4 653
4 368
4 176
4 358
163 247
219 640
219 386
219 529
225 653
225 563
180 110
180 436
180 262
180 386
180 653
180 152
180 429
435 105
435 302
435 262
435 386
435 653
435 39
435 566
424 325
424 69
424 262
424 386
424 653
424 146
424 563
279 436
279 302
279 69
279 640
279 152
279 39
279 146
279 529
279 429
597 486
597 171
597 381
597 566
338 652
338 247
338 149
628 640
628 529
628 171
282 381
256 110
256 436
256 580
256 152
256 265
256 171
256 381
107 105
107 302
107 579
107 39
107 265
107 171
107 381
484 325
484 69
484 388
484 146
484 265
484 171
484 381
600 110
600 587
144 105
144 263
462 325
462 490
56 152
56 39
56 146
56 529
56 257
56 224
56 539
56 155
211 486
211 554
211 404
211 315
211 196
211 613
582 14
40 529
40 554
40 155
78 404
478 580
478 152
478 519
478 554
478 404
478 257
434 579
434 39
434 519
434 554
434 404
434 224
413 388
413 146
413 519
413 554
413 404
413 539
413 253
154 152
154 39
154 146
154 529
154 257
154 224
154 539
154 155
154 401
399 13
399 274
399 477
399 549
578 149
578 14
578 73
578 253
441 529
441 155
441 274
441 401
649 477
649 549
110 580
110 152
110 612
110 257
110 9
110 274
110 477
105 579
105 39
105 137
105 224
105 9
105 274
105 477
325 388
325 146
325 72
325 539
325 9
325 274
325 477
436 580
436 232
302 579
302 417
69 388
69 220
640 257
640 224
640 539
640 155
640 293
640 405
640 202
640 577
276 13
276 309
276 383
276 313
276 534
276 595
652 319
247 155
247 309
247 577
262 383
213 612
213 257
213 394
213 309
213 383
213 293
386 137
386 224
386 394
386 309
386 383
386 405
653 72
653 539
653 394
653 309
653 383
653 202
626 257
626 224
626 539
626 155
626 293
626 405
626 202
626 577
99 108
99 479
99 488
368 73
368 319
368 574
368 647
176 155
176 577
176 479
176 415
358 488
358 611
587 612
587 257
587 568
587 293
587 147
587 479
587 488
587 647
263 137
263 224
263 91
263 405
263 147
263 479
263 488
263 415
490 72
490 539
490 641
490 202
490 147
490 479
490 488
490 611
580 612
580 120
579 137
579 26
388 72
388 1
152 293
152 405
152 202
152 577
152 339
152 551
152 284
152 375
39 108
39 38
39 254
39 343
39 270
39 423
146 172
529 577
529 38
529 375
486 254
149 568
149 293
149 590
149 38
149 254
149 339
14 91
14 405
14 590
14 38
14 254
14 551
519 641
519 202
519 590
519 38
519 254
519 284
265 293
265 405
265 202
265 577
265 339
265 551
265 284
265 375
554 237
554 412
554 446
404 574
404 172
404 250
171 577
171 375
171 412
381 446
315 568
315 293
315 352
315 339
315 468
315 412
315 446
315 531
196 91
196 405
196 138
196 551
196 468
196 412
196 446
196 348
613 641
613 202
613 150
613 284
613 468
613 412
613 446
613 518
232 568
232 654
232 531
417 91
417 55
417 348
220 641
220 463
220 518
612 339
612 551
612 284
612 375
612 128
612 408
612 133
612 76
137 237
137 239
137 227
137 575
137 402
137 218
72 616
257 375
257 239
257 76
224 227
539 352
539 339
539 229
539 239
539 227
539 128
155 138
155 551
155 229
155 239
155 227
155 408
13 150
13 284
13 229
13 239
13 227
13 133
73 339
73 551
73 284
73 375
73 128
73 408
73 133
73 76
319 143
319 112
319 439
394 250
394 616
394 487
9 375
9 76
9 112
309 439
383 352
383 339
383 289
383 128
383 482
383 112
383 439
274 138
274 551
274 223
274 408
274 482
274 112
274 439
477 150
477 284
477 316
477 133
477 482
477 112
477 439
313 352
313 376
313 355
534 138
534 51
534 598
595 150
595 503
595 393
120 128
120 408
120 133
120 76
120 201
120 216
120 350
120 474
120 355
26 143
26 92
26 361
26 178
26 333
26 131
26 598
1 642
1 393
568 76
568 92
568 474
91 361
641 289
641 128
641 517
641 92
641 361
641 201
293 223
293 408
293 517
293 92
293 361
293 216
405 316
405 133
405 517
405 92
405 361
405 350
202 128
202 408
202 133
202 76
202 201
202 216
202 350
202 474
577 113
577 23
577 334
108 487
108 642
108 629
574 76
574 474
574 23
172 334
590 289
590 128
590 199
590 201
590 365
590 23
590 334
147 223
147 408
147 311
147 216
147 365
147 23
147 334
38 316
38 133
38 261
38 350
38 365
38 23
38 334
254 289
254 301
479 223
479 20
488 316
488 228
343 201
343 216
343 350
343 474
343 480
343 425
343 610
343 570
343 45
270 113
270 157
270 11
270 465
270 102
270 264
270 372
423 37
423 627
654 474
654 157
654 570
654 45
55 11
55 372
463 199
463 201
463 501
463 157
463 11
463 480
463 627
352 311
352 216
352 501
352 157
352 11
352 425
138 261
138 350
138 501
138 157
138 11
138 610
150 201
150 216
150 350
150 474
150 480
150 425
150 610
150 570
339 552
339 491
339 292
551 629
551 37
551 124
284 474
284 570
284 491
375 292
237 199
237 201
237 395
237 480
237 396
237 491
237 292
250 311
250 216
250 266
250 425
250 396
250 491
250 292
616 261
616 350
616 515
616 610
616 396
616 491
616 292
229 199
229 362
468 311
468 167
239 261
239 3
227 480
227 425
227 610
227 570
227 121
227 272
227 63
227 189
412 552
412 409
412 30
412 288
412 162
412 179
446 298
575 570
575 409
575 189
575 100
402 30
402 567
218 395
218 480
218 165
218 409
218 30
218 121
218 44
376 266
376 425
376 165
376 409
376 30
376 272
376 100
51 515
51 610
51 165
51 409
51 30
51 63
51 567
503 480
503 425
503 610
503 570
503 121
503 272
503 63
503 189
503 44
289 303
289 83
289 370
223 124
223 298
223 35
316 570
316 189
316 83
128 370
408 395
408 480
408 485
408 121
408 509
408 83
408 370
133 266
133 425
133 500
133 272
133 509
133 83
133 370
76 515
76 610
76 636
76 63
76 509
76 83
76 370
143 395
143 70
487 266
487 556
642 515
642 593
517 121
517 272
517 63
517 189
517 49
517 97
517 259
517 185
482 303
482 183
482 103
482 558
482 324
482 85
92 537
361 189
361 183
361 185
112 103
439 485
439 121
439 130
439 183
439 103
439 49
178 500
178 272
178 130
178 183
178 103
178 97
178 255
333 636
333 63
333 130
333 183
333 103
333 259
333 379
131 121
131 272
131 63
131 189
131 49
131 97
131 259
131 185
131 359
301 21
301 614
301 50
301 255
20 35
20 537
20 60
20 379
228 189
228 185
228 614
228 359
199 50
311 485
311 121
311 212
311 49
311 347
311 614
311 50
261 500
261 272
261 588
261 97
261 347
261 614
261 50
201 636
201 63
201 514
201 259
201 347
201 614
201 50
216 485
216 170
350 500
350 166
474 636
474 427
113 49
113 97
113 259
113 185
113 300
113 273
113 497
113 645
629 21
629 406
629 387
629 205
629 458
629 197
37 243
501 185
501 406
501 645
365 387
157 212
157 49
157 631
157 406
157 387
157 300
11 588
11 97
11 631
11 406
11 387
11 273
23 514
23 259
23 631
23 406
23 387
23 497
334 49
334 97
334 259
334 185
334 300
334 273
334 497
334 645
465 624
465 454
465 344
465 320
102 60
102 243
102 322
102 422
264 185
264 645
264 454
264 466
362 344
362 320
167 212
167 49
167 533
167 300
167 268
167 454
167 344
167 422
3 588
3 97
3 589
3 273
3 268
3 454
3 344
3 466
395 514
395 259
395 472
395 497
395 268
395 454
395 344
266 212
266 221
515 588
515 464
480 514
480 95
425 300
425 273
425 497
425 645
425 249
425 34
425 542
425 18
610 624
610 32
610 378
610 203
610 82
610 306
570 492
552 645
552 32
552 18
124 378
298 533
298 300
298 599
298 32
298 378
298 249
165 589
165 273
165 599
165 32
165 378
165 34
396 472
396 497
396 599
396 32
396 378
396 542
409 533
409 508
30 589
30 206
491 472
491 625
288 426
162 79
179 93
70 426
556 79
593 93
558 353
324 65
85 471
170 353
166 65
427 471
205 116
458 456
197 377
221 116
464 456
95 377
533 643
533 548
589 217
589 548
472 291
472 548
300 25
300 177
273 177
273 433
497 433
497 548
645 332
645 186
624 513
624 186
322 635
322 186
492 496
492 186
599 41
599 526
599 572
599 633
268 526
268 186
32 572
32 186
378 633
378 186
454 214
454 445
344 382
344 445
203 445
203 186
203 175
82 283
306 89
508 175
206 283
625 89
564 44
564 466
329 255
329 466
296 379
296 466
285 359
285 320
242 320
242 422
87 422
87 466
140 426
140 89
346 79
346 89
10 93
10 89
71 353
71 89
104 65
104 471
104 116
104 456
74 471
74 89
449 116
449 89
507 456
507 89
141 377
141 283
160 175
160 283
33 283
33 89
420 419
420 253
420 647
195 576
195 401
195 415
461 447
461 549
461 611
643 563
643 253
643 647
217 429
217 401
217 415
291 566
291 549
291 611
25 253
25 355
177 401
177 355
433 549
433 355
548 647
548 598
332 415
332 598
513 611
513 598
635 531
635 355
496 348
496 355
41 518
41 355
526 355
526 393
526 422
526 283
572 598
572 45
572 100
572 567
572 422
572 175
633 393
633 372
214 45
214 372
382 372
382 627
382 422
445 627
445 567
445 377
445 175
186 100
186 422
186 283
499 567
499 422
499 283
