680 1464
400 601
400 180
400 549
400 207
400 429
400 354
400 301
400 571
400 603
400 565
400 557
400 309
601 187
601 224
601 646
601 454
601 420
601 664
601 208
601 609
601 472
601 66
601 168
601 297
187 657
187 421
187 376
187 427
187 648
187 498
187 378
187 558
187 639
187 199
187 494
187 253
657 547
657 95
657 428
657 272
657 536
657 131
657 666
657 128
657 471
657 319
657 313
657 91
547 662
547 351
547 444
547 121
547 135
547 375
547 76
547 28
547 349
547 37
547 286
547 146
662 372
662 18
662 560
662 227
662 8
662 122
662 250
662 1
662 426
662 562
662 520
662 361
372 397
372 5
372 470
372 422
372 61
372 67
372 606
372 533
372 231
372 137
372 83
372 10
397 582
397 656
397 285
397 17
397 524
397 521
397 273
397 650
397 635
397 340
397 434
397 74
582 510
582 677
582 568
582 117
582 145
582 181
582 123
582 584
582 54
582 192
582 337
582 109
510 293
510 670
510 563
510 90
510 326
510 195
510 197
510 312
510 343
510 108
510 514
510 77
293 9
293 289
293 620
293 288
293 23
293 154
293 360
293 605
293 306
293 583
293 453
293 468
9 574
9 56
9 29
9 628
9 94
9 632
9 501
9 581
9 236
9 388
9 280
9 529
574 299
574 625
574 315
574 457
574 645
574 357
574 456
574 511
574 334
574 88
574 615
574 147
299 371
299 347
299 103
299 16
299 22
299 626
299 543
299 115
299 136
299 339
299 395
299 166
371 30
371 276
371 551
371 496
371 126
371 202
371 139
371 599
371 462
371 89
371 474
371 34
30 295
30 219
30 112
30 550
30 327
30 125
30 492
30 183
30 140
30 179
30 359
30 437
295 591
295 655
295 482
295 48
295 455
295 267
295 487
295 587
295 80
295 174
295 212
295 204
591 680
591 218
591 323
591 644
591 545
591 111
591 386
591 156
591 152
591 448
591 86
591 481
680 222
680 129
680 665
680 298
680 279
680 423
680 64
680 40
680 512
680 634
680 320
680 486
222 579
222 515
222 561
222 518
222 467
222 331
222 234
222 270
222 643
222 148
222 531
222 226
579 460
579 410
579 407
579 251
579 62
579 31
579 205
579 317
579 542
579 539
579 215
579 303
460 57
460 46
460 209
460 336
460 412
460 268
460 631
460 191
460 585
460 52
460 641
460 26
57 185
57 269
57 595
57 508
57 493
57 290
57 70
57 433
57 97
57 102
57 87
57 184
185 673
185 2
185 124
185 38
185 450
185 532
185 535
185 287
185 382
185 271
185 341
185 451
673 368
673 541
673 246
673 477
673 507
673 316
673 69
673 399
673 118
673 194
673 649
673 570
368 478
368 445
368 198
368 161
368 110
368 435
368 403
368 300
368 464
368 21
368 260
368 346
478 85
478 659
478 254
478 348
478 230
478 630
478 469
478 59
478 188
478 63
478 35
478 534
85 258
85 106
85 257
85 575
85 132
85 162
85 616
85 355
85 488
85 255
85 566
85 660
258 239
258 405
258 505
258 49
258 678
258 598
258 79
258 618
258 138
258 411
258 19
258 516
239 669
239 612
239 142
239 642
239 554
239 113
239 4
239 613
239 318
239 363
239 672
239 43
669 667
669 322
669 466
669 36
669 564
669 164
669 178
669 159
669 546
669 425
669 281
669 548
667 440
667 51
667 629
667 503
667 441
667 225
667 238
667 576
667 241
667 406
667 480
667 596
440 389
440 356
440 249
440 101
440 637
440 155
440 245
440 365
440 210
440 439
440 528
440 658
389 404
389 640
389 311
389 203
389 213
389 671
389 196
389 302
389 329
389 53
389 385
389 223
404 345
404 414
404 264
404 517
404 335
404 594
404 452
404 479
404 275
404 214
404 364
404 398
345 567
345 502
345 72
345 654
345 211
345 150
345 55
345 252
345 577
345 592
345 201
345 463
567 380
567 392
567 75
567 504
567 71
567 633
567 413
567 663
567 228
567 206
567 190
567 193
380 186
380 580
380 20
380 14
380 7
380 133
380 27
380 242
380 369
380 232
380 401
380 519
186 447
186 679
186 220
186 200
186 256
186 458
186 243
186 499
186 619
186 589
186 436
186 262
262 476
262 105
262 177
262 119
262 100
262 344
262 600
180 224
180 549
180 429
180 144
180 305
180 571
224 421
224 646
224 420
224 233
224 491
224 609
421 95
421 376
421 648
421 342
421 116
421 558
95 351
95 428
95 536
95 338
95 559
95 128
351 18
351 444
351 135
351 623
351 573
351 28
18 5
18 560
18 8
18 358
18 418
18 1
5 656
5 470
5 61
5 675
5 25
5 533
656 677
656 285
656 524
656 153
656 60
656 650
677 670
677 568
677 145
677 483
677 611
677 584
670 289
670 563
670 326
670 578
670 11
670 312
289 56
289 620
289 23
289 475
289 44
289 605
56 625
56 29
56 94
56 6
56 84
56 581
625 347
625 315
625 645
625 99
625 134
625 511
347 276
347 103
347 22
347 379
347 175
347 115
276 219
276 551
276 126
276 415
276 247
276 599
219 655
219 112
219 327
219 604
219 167
219 183
655 218
655 482
655 455
655 81
655 291
655 587
218 129
218 323
218 545
218 149
218 261
218 156
129 515
129 665
129 279
129 396
129 353
129 40
515 410
515 561
515 467
515 143
515 424
515 270
410 46
410 407
410 62
410 50
410 556
410 317
46 269
46 209
46 412
46 158
46 114
46 191
269 2
269 595
269 493
269 33
269 350
269 433
2 541
2 124
2 450
2 310
2 461
2 287
541 445
541 246
541 507
541 522
541 325
541 399
445 659
445 198
445 110
445 544
445 608
445 300
659 106
659 254
659 230
659 141
659 237
659 59
106 405
106 257
106 132
106 170
106 602
106 355
405 612
405 505
405 678
405 333
405 500
405 618
612 322
612 142
612 554
612 627
612 266
612 613
322 51
322 466
322 564
322 459
322 282
322 159
51 356
51 629
51 441
51 442
51 229
51 576
356 640
356 249
356 637
356 169
356 497
356 365
640 414
640 311
640 213
640 617
640 513
640 302
414 502
414 264
414 335
414 65
414 172
414 479
502 392
502 72
502 211
502 390
502 674
502 252
392 580
392 75
392 71
392 527
392 78
392 663
580 447
580 20
580 7
580 383
580 597
580 242
447 679
447 200
447 304
447 244
447 243
447 296
296 530
296 41
296 177
549 646
549 207
549 429
549 354
549 144
549 374
549 465
646 376
646 454
646 420
646 664
646 233
646 39
646 586
376 428
376 427
376 648
376 498
376 342
376 526
376 446
428 444
428 272
428 536
428 131
428 338
428 384
428 588
444 560
444 121
444 135
444 375
444 623
444 165
444 263
560 470
560 227
560 8
560 122
560 358
560 12
560 417
470 285
470 422
470 61
470 67
470 675
470 24
470 572
285 568
285 17
285 524
285 521
285 153
285 352
285 367
568 563
568 117
568 145
568 181
568 483
568 490
568 432
563 620
563 90
563 326
563 195
563 578
563 107
563 636
620 29
620 288
620 23
620 154
620 475
620 278
620 552
29 315
29 628
29 94
29 632
29 6
29 381
29 362
315 103
315 457
315 645
315 357
315 99
315 176
315 538
103 551
103 16
103 22
103 626
103 379
103 3
103 370
551 112
551 496
551 126
551 202
551 415
551 506
551 622
112 482
112 550
112 327
112 125
112 604
112 647
112 409
482 323
482 48
482 455
482 267
482 81
482 540
482 47
323 665
323 644
323 545
323 111
323 149
323 173
323 387
665 561
665 298
665 279
665 423
665 396
665 653
665 652
561 407
561 518
561 467
561 331
561 143
561 402
561 104
407 209
407 251
407 62
407 31
407 50
407 661
407 590
209 595
209 336
209 412
209 268
209 158
209 555
209 45
595 124
595 508
595 493
595 290
595 33
595 130
595 265
124 246
124 38
124 450
124 532
124 310
124 314
124 394
246 198
246 477
246 507
246 316
246 522
246 537
246 373
198 254
198 161
198 110
198 435
198 544
198 416
198 332
254 257
254 348
254 230
254 630
254 141
254 431
254 438
257 505
257 575
257 132
257 162
257 170
257 32
257 484
505 142
505 49
505 678
505 598
505 333
505 485
505 443
142 466
142 642
142 554
142 113
142 627
142 307
142 82
466 629
466 36
466 564
466 164
466 459
466 621
466 96
629 249
629 503
629 441
629 225
629 442
629 171
629 366
249 311
249 101
249 637
249 155
249 169
249 189
249 68
311 264
311 203
311 213
311 671
311 617
311 73
311 489
264 72
264 517
264 335
264 594
264 65
264 217
264 120
72 75
72 654
72 211
72 150
72 390
72 638
72 473
75 20
75 504
75 71
75 633
75 527
75 509
75 391
20 679
20 14
20 7
20 133
20 383
20 525
20 182
679 220
679 200
679 256
679 304
679 668
679 294
679 259
259 476
259 530
259 127
259 92
207 454
207 429
207 144
207 301
207 283
207 603
207 374
454 427
454 420
454 233
454 208
454 221
454 472
454 39
427 272
427 648
427 342
427 378
427 151
427 639
427 526
272 121
272 536
272 338
272 666
272 93
272 471
272 384
121 227
121 135
121 623
121 76
121 624
121 349
121 165
227 422
227 8
227 358
227 250
227 163
227 426
227 12
422 17
422 61
422 675
422 606
422 42
422 231
422 24
17 117
17 524
17 153
17 273
17 157
17 635
17 352
117 90
117 145
117 483
117 123
117 449
117 54
117 490
90 288
90 326
90 578
90 197
90 308
90 343
90 107
288 628
288 23
288 475
288 360
288 160
288 306
288 278
628 457
628 94
628 6
628 501
628 15
628 236
628 381
457 16
457 645
457 99
457 456
457 277
457 334
457 176
16 496
16 22
16 379
16 543
16 284
16 136
16 3
496 550
496 126
496 415
496 139
496 328
496 462
496 506
550 48
550 327
550 604
550 492
550 377
550 140
550 647
48 644
48 455
48 81
48 487
48 495
48 80
48 540
644 298
644 545
644 149
644 386
644 651
644 152
644 173
298 518
298 279
298 396
298 64
298 569
298 512
298 653
518 251
518 467
518 143
518 234
518 676
518 643
518 402
251 336
251 62
251 50
251 205
251 324
251 542
251 661
336 508
336 412
336 158
336 631
336 248
336 585
336 555
508 38
508 493
508 33
508 70
508 553
508 97
508 130
38 477
38 450
38 310
38 535
38 235
38 382
38 314
477 161
477 507
477 522
477 69
477 523
477 118
477 537
161 348
161 110
161 544
161 403
161 430
161 464
161 416
348 575
348 230
348 141
348 469
348 393
348 188
348 431
575 49
575 132
575 170
575 616
575 274
575 488
575 32
49 642
49 678
49 333
49 79
49 240
49 138
49 485
642 36
642 554
642 627
642 4
642 321
642 318
642 307
36 503
36 564
36 459
36 178
36 614
36 546
36 621
503 101
503 441
503 442
503 238
503 13
503 241
503 171
101 203
101 637
101 169
101 245
101 610
101 210
101 189
203 517
203 213
203 617
203 196
203 593
203 329
203 73
517 654
517 335
517 65
517 452
517 419
517 275
517 217
654 504
654 211
654 390
654 55
654 607
654 577
654 638
504 14
504 71
504 527
504 413
504 330
504 228
504 509
14 220
14 7
14 383
14 27
14 98
14 369
14 525
220 200
220 304
220 458
220 292
220 499
220 668
220 408
408 530
408 105
408 216
408 119
408 127
429 420
429 144
429 301
420 648
420 233
420 208
648 536
648 342
648 378
536 135
536 338
536 666
135 8
135 623
135 76
8 61
8 358
8 250
61 524
61 675
61 606
524 145
524 153
524 273
145 326
145 483
145 123
326 23
326 578
326 197
23 94
23 475
23 360
94 645
94 6
94 501
645 22
645 99
645 456
22 126
22 379
22 543
126 327
126 415
126 139
327 455
327 604
327 492
455 545
455 81
455 487
545 279
545 149
545 386
279 467
279 396
279 64
467 62
467 143
467 234
62 412
62 50
62 205
412 493
412 158
412 631
493 450
493 33
493 70
450 507
450 310
450 535
507 110
507 522
507 69
110 230
110 544
110 403
230 132
230 141
230 469
132 678
132 170
132 616
678 554
678 333
678 79
554 564
554 627
554 4
564 441
564 459
564 178
441 637
441 442
441 238
637 213
637 169
637 245
213 335
213 617
213 196
335 211
335 65
335 452
211 71
211 390
211 55
71 7
71 527
71 413
7 200
7 383
7 27
200 304
200 58
200 458
58 530
301 208
301 557
208 378
208 168
378 666
378 494
666 76
666 313
76 250
76 286
250 606
250 520
606 273
606 83
273 123
273 434
123 197
123 337
197 360
197 514
360 501
360 453
501 456
501 280
456 543
456 615
543 139
543 395
139 492
139 474
492 487
492 359
487 386
487 212
386 64
386 86
64 234
64 320
234 205
234 531
205 631
205 215
631 70
631 641
70 535
70 87
535 69
535 341
69 403
69 649
403 469
403 260
469 616
469 35
616 79
616 566
79 4
79 19
4 178
4 672
178 238
178 281
238 245
238 480
245 196
245 528
196 452
196 385
452 55
452 364
55 413
55 201
413 27
413 190
27 458
27 401
458 105
458 589
105 344
